"","29","28","27","26","25","24","23","22","21","20","19","18","17","16","15","14","13","12","11","10","9","8","7","6","5","4","3","2","1"
"ignore",NA,NA,NA,NA,NA,NA,NA,NA,NA,NA,NA,NA,NA,NA,NA,NA,NA,NA,NA,NA,NA,NA,NA,NA,NA,NA,NA,NA,NA
"85",0,0,0,0,0.591343412457585,0.591343412457585,0.591343412457585,0.591343412457585,0.591343412457585,0.591343412457585,0.591343412457585,0.591343412457585,0.591343412457585,0,0,0,0,0,0,0,0,0,0,0,0,0,0,0,0
"86",0,0,0,0,0,0.286762297928341,0.286762297928341,0.286762297928341,0.286762297928341,0.286762297928341,0.286762297928341,0.286762297928341,0.286762297928341,0.286762297928341,0,0,0,0,0,0,0,0,0,0,0,0,0,0,0
"87",0,0,0,0,0,0.37777386078898,0.238701488521471,0.253959295720203,0.231088595805621,0.241547251765797,0.245415903949346,0.198046454364003,0.178103865984364,0.224538748497065,0,0,0,0,0,0,0,0,0,0,0,0,0,0,0
"88",0,0,0,0,0,0,0,0.125513203652599,0.187377928579963,0.189883118512248,0.152435432225479,0.179027676288503,0.154335463738224,0.166779975120048,0.162645362556403,0.121163105965126,0,0,0,0,0,0,0,0,0,0,0,0,0
"89",0,0,0,0,0,0,0,0,0,0,0,0,0.0723130403650069,0.0505914563723379,0.0792349728518973,0.0886429529334604,0.105974847876131,0.111571929844731,0.109946606611986,0.14594069036243,0,0,0,0,0,0,0,0,0
"90",0,0,0,0,0,0,0,0,0,0,0,0,0,0.0350017063981522,0.263473804484834,0.360395458433887,0.352039580301403,0.362179418039657,0.321622234138508,0.147106782857395,0,0,0,0,0,0,0,0,0
"91",0,0,0,0,0,0,0,0,0,0,0,0,0,0,0.388028590045417,0.304266941133462,0.284795794685628,0.289056255023929,0.285910178027495,0.234293677975886,0.277933487253508,0,0,0,0,0,0,0,0
"92",0,0,0,0,0,0,0,0,0,0,0,0,0,0,0,0.23292358043486,0.301725157433849,0.343565910779986,0.337607226042353,0.357146862597203,0.397698021723875,0,0,0,0,0,0,0,0
"93",0,0,0,0,0,0,0,0,0,0,0,0,0,0,0,0,0,0,0,0.10134245792422,0.26305566501463,0.381383857093053,0.354725826458791,0.432526097577542,0,0,0,0,0
"94",0,0,0,0,0,0,0,0,0,0,0,0,0,0,0,0,0,0,0,0,0.461216025893321,0.467601751016415,0.427127910405861,0.39686101155751,0.502083925037577,0,0,0,0
"95",0,0,0,0,0,0,0,0,0,0,0,0,0,0,0,0,0,0,0,0,0.0609993787323005,0.444340129414736,0.432382377700131,0.4190343959079,0.306686002163422,0,0,0,0
"96",0,0,0,0,0,0,0,0,0,0,0,0,0,0,0,0,0,0,0,0,0,0,0,0.337018217200786,0.453796831625125,0.36936184603106,0,0,0
"97",0,0,0,0,0,0,0,0,0,0,0,0,0,0,0,0,0,0,0,0,0,0,0,0.950587835910772,0.599977730080149,0.441434626694988,0.153538885792677,0,0
"98",0,0,0,0,0,0,0,0,0,0,0,0,0,0,0,0,0,0,0,0,0,0,0,0,0.799852038071122,0.576555604549379,0.501922087662426,0,0
"99",0,0,0,0,0,0,0,0,0,0,0,0,0,0,0,0,0,0,0,0,0,0,0,0,0,0.461207651271445,0.533008155879526,0.484602116442593,0
"100",0,0,0,0,0,0,0,0,0,0,0,0,0,0,0,0,0,0,0,0,0,0,0,0,0,0,0,0.499036375133473,0.964998293601848
"101",0,0,0,0,0,0,0,0,0,0,0,0,0,0,0,0,0,0,0,0,0,0,0,0,0.497038503987656,0.421179655562262,0.517774969508253,0,0
"102",0,0,0,0,0,0,0,0,0,0,0,0,0,0,0,0,0,0,0,0,0,0,0,0,0,0.380304479883395,0.356818487617027,0.55394785488748,0
"103",0,0,0,0,0,0,0,0,0,0,0,0,0,0,0,0,0,0,0,0,0,0,0,0,0,0.358905788499275,0.325723252027498,0.368102651595739,0
"104",0,0,0,0,0,0,0,0,0,0,0,0,0,0,0,0,0,0,0,0,0,0,0,0,0,0.524731378070244,0.330583522902507,0.340178883556413,0.00134678034706648
"105",0,0,0,0,0,0,0,0,0,0,0,0,0,0,0,0,0,0,0,0,0,0.169197729936421,0.296954105037313,0.342458223506312,0.353310559112018,0.291237823677857,0,0,0
"106",0,0,0,0,0,0,0,0,0,0,0,0,0,0,0,0,0,0,0,0,0,0,0,0.303369698997923,0.358041124300538,0.387249109474708,0.361115429499457,0.471186080848882,0
"107",0,0,0,0,0,0,0,0,0,0,0,0,0,0,0,0,0,0,0,0,0,0,0,0.153046888919238,0.313496609483395,0.367495753063543,0.36620667840043,0.463737812899164,0
"108",0,0,0,0,0,0,0,0,0,0,0,0,0,0,0,0,0,0,0,0.306901471254799,0.308103744014711,0.377503364739233,0.402919513033169,0.431542694982128,0.61568504456156,0,0,0,0
"109",0,0,0,0,0,0,0,0,0,0,0,0,0,0,0,0,0,0,0,0,0.307041169616301,0.630875321755218,0.497853558860599,0.465249353514172,0.46153955262411,0,0,0,0
"110",0,0,0,0,0,0,0,0,0,0,0,0,0,0,0,0,0,0,0,0,0,0,0.514343317342428,0.527052622423043,0.456916024468415,0.35406133739727,0.259455511828214,0,0
"111",0,0,0,0,0,0,0,0,0,0,0,0,0,0,0,0,0,0,0,0,0,0,0,0,0.108756681372015,0.332760319495173,0.292996528635801,0.239425116980358,0
"112",0,0,0,0,0,0,0,0,0,0,0,0,0,0,0,0,0,0,0,0,0,0,0,0,0,0.231258014908876,0.317805200127356,0.284651296971453,0
"113",0,0,0,0,0,0,0,0,0,0,0,0,0,0,0,0,0,0,0,0,0,0,0,0,0,0,0,0.31186869291265,0.85405930963757
"114",0,0,0,0,0,0,0,0,0,0,0,0,0,0,0,0,0,0,0,0,0,0.332726560264525,0.365203301615505,0.456993814745427,0.525183064690467,0.124298950252818,0,0,0
"115",0,0,0,0,0,0,0,0,0,0,0,0,0,0,0,0,0,0,0,0,0,0.572092030364213,0.375308001400565,0.502662433942271,0.365763756925575,0.326246671865819,0.341771594702275,0,0
"116",0,0,0,0,0,0,0,0,0,0,0,0,0,0,0,0,0.019247840005204,0.195485439571875,0.244702608536248,0.288768544140252,0.320341421514596,0.26482005808054,0.244593367940694,0.259509393971699,0,0,0,0,0
"117",0,0,0,0,0,0,0,0,0,0,0,0,0,0,0,0,0,0,0,0.26052941179879,0.302752472283841,0.337388494043016,0.328118345161619,0.309129022865882,0.316827210048616,0.285513989526053,0,0,0
"118",0,0,0,0,0,0,0,0,0,0,0,0,0,0,0,0,0,0,0,0,0,0,0,0,0.322331524632061,0.337758034285834,0.302692578406206,0.444958403848113,0
"119",0,0,0,0,0,0,0,0,0,0,0,0,0,0,0.0187033006171886,0.0926005720988156,0.115988143997002,0.103354186793077,0.118027760245015,0.113878170387773,0.139210539814395,0.140462058040648,0.167854037648693,0,0,0,0,0,0
"120",0,0,0,0,0,0,0,0,0,0,0,0,0,0,0,0,0,0,0,0,0,0,0,0,0.429787398664185,0.534503355059941,0.485400264982326,0,0
"121",0,0,0,0,0,0,0,0,0,0,0,0,0,0,0,0,0,0,0,0,0,0,0,0,0,0.488842077328464,0.434990341122349,0.608107711337325,0
"122",0,0,0,0,0,0,0,0,0,0,0,0,0,0,0,0,0,0,0,0,0,0,0,0,0,0.774581902113967,0.562798098316775,0.703124368023382,0
"123",0,0,0,0,0,0,0,0,0,0,0,0,0,0,0,0,0,0,0,0,0,0,0,0,0,0.000619794851139705,0.6420090367189,0.597843452754642,0
"124",0,0,0,0,0,0,0,0,0,0,0,0,0,0,0,0,0,0,0,0,0,0,0,0,0,0,0.991614184718509,0.59886884743021,0.00141348146735365
"125",0,0,0,0,0,0,0,0,0,0,0,0,0,0,0,0,0,0,0,0,0,0,0,0,0,0,0,0.612501681773929,0.999863323886717
"126",0,0,0,0,0,0,0,0,0,0,0,0,0,0,0,0,0,0,0,0,0,0,0,0,0,0,0,0.601561039765983,0.99994301334044
"127",0,0,0,0,0,0,0,0,0,0,0,0,0,0,0,0,0,0,0,0,0,0,0,0,0,0,0,0.613898141408672,0.483612714473953
"128",0,0,0,0,0,0,0,0,0,0,0,0,0,0,0,0,0,0,0,0,0,0,0,0,0,0,0,0,0.530387116421673
"129",0,0,0,0,0,0,0,0,0,0,0,0,0,0,0,0,0,0,0,0,0,0,0,0,0,0,0,0.684392237555865,0.613413488417714
"130",0,0,0,0,0,0,0,0,0,0,0,0,0,0,0,0,0,0,0,0,0,0,0,0,0,0.998653219652934,0.664735897929191,0.706178875295819,0
"131",0,0,0,0,0,0,0,0,0,0,0,0,0,0,0,0,0,0,0,0,0,0,0,0,0,0.499780139953701,0.704476741079063,0.734445939584996,0
"132",0,0,0,0,0,0,0,0,0,0,0,0,0,0,0,0,0,0,0,0,0,0,0,0,0,0,0.480372480834041,0.548496419138361,0.172419354428373
"133",0,0,0,0,0,0,0,0,0,0,0,0,0,0,0,0,0,0,0,0,0,0,0,0,0,0,0.560949822351856,0.445267410350555,0.0179371014298956
"134",0,0,0,0,0,0,0,0,0,0,0,0,0,0,0.225969089362222,0.115597667812179,0.165244756362847,0.181311840420367,0.195259384592748,0.192748376819863,0.187606050132209,0.179989411306505,0.225969089362222,0,0,0,0,0,0
"135",0,0,0,0,0,0,0,0,0,0,0,0,0,0,0,0,0.130772495975148,0.132571746219619,0.126629943817258,0.124446670672832,0.135576486832827,0.110997733682825,0.101926230706485,0.111733177297734,0,0,0,0,0
"136",0,0,0,0,0,0,0,0,0,0,0,0,0,0,0,0,0,0,0,0,0.324720022929553,0.208354171628122,0.134168734869377,0.222864495187887,0.231978282694002,0.217635033538488,0.246305911183613,0,0
"137",0,0,0,0,0,0,0,0,0,0,0,0,0,0,0,0,0,0.324720022929553,0.315654409471609,0.302419658272718,0.251586277879278,0.239634153767065,0.231716883489104,0.245429411123248,0.279593476116533,0.276073778961755,0,0,0
"138",0,0,0,0,0,0,0,0,0,0,0,0,0,0,0,0,0,0,0,0,0.388441878078587,0.14920430916594,0.186124097721198,0.162693473712213,0.206318566784937,0.13343030294265,0.0871563907797247,0,0
"139",0,0,0,0,0,0,0,0,0,0,0,0,0,0,0,0,0,0,0,0,0,0,0,0,0.107410738775348,0.0978839275619842,0.122156596438413,0.149178666612887,0.991712997728047
"140",0,0,0,0,0,0,0,0,0,0,0,0,0,0.428852231552952,0.428852231552952,0.43952118488865,0.43318558920123,0.446715568547858,0.433715166482335,0.443188503383022,0.480677010924188,0,0,0,0,0,0,0,0
"141",0,0,0,0,0,0,0,0,0,0,0,0,0,0,0,0,0,0.311245966553141,0.359891833194997,0.358504682386431,0.357721055629888,0.378023407604603,0.43440210994516,0,0,0,0,0,0
"142",0,0,0,0,0,0,0,0,0,0,0,0,0,0,0,0,0,0,0.284472881923526,0.213473713818999,0.252308456422033,0.256714283473491,0.214904472663702,0.107749672175728,0,0,0,0,0
"143",0,0,0,0,0,0,0,0,0,0,0,0,0,0,0,0,0,0,0,0,0,0.00294903996869516,0.0481350996083412,0.055691953591153,0.0414801497198865,0.0406683774789865,0,0,0
"144",0,0,0,0,0,0,0,0,0,0,0,0,0,0,0,0,0,0,0,0,0,0,0.0837902062821365,0.033596669084775,0.0440236452328087,0.0458332972739762,0.000890235764951704,0,0
"145",0,0,0,0,0,0,0,0,0,0,0,0,0,0,0,0,0,0,0,0,0,0,0,0.0311463114079441,0.0376278966278483,0.0334343816474206,0.0479895658496717,0,0
"146",0,0,0,0,0,0,0,0,0,0,0,0,0,0,0,0,0,0,0,0,0,0,0,0.00060137316153232,0.0595215142142823,0.156373769688795,0.0876036700467979,0.146968040087286,0
"147",0,0,0,0,0,0,0,0,0,0,0,0,0,0,0,0,0,0,0,0,0,0,0,0,0.000619794851139705,0.0421713612998923,0.0441654398742559,0.0407621126221241,0
"148",0,0,0,0,0,0,0,0,0,0,0,0,0,0,0,0,0,0,0,0,0,0,0,0,0.00060137316153232,0.01002434114027,0.0396891849145996,0.0339564352885134,0.000526144922440043
"149",0,0,0,0,0,0,0,0,0,0,0,0,0,0,0,0,0,0,0,0,0,0,0,0,0,0,0.0413227626894804,0.0464929606933041,0.999863323886717
"150",0,0,0,0,0,0,0,0,0,0,0,0,0,0,0,0,0,0,0,0,0,0,0,0,0,0,0,0.0711949520360883,0.613413488417714
"151",0,0,0,0,0,0,0,0,0,0,0,0,0,0,0,0,0,0,0,0,0.0248922665876931,0.233030104298816,0.233081968467716,0.253226161954949,0.320701716439117,0.322171389051944,0,0,0
"152",0,0,0,0,0,0,0,0,0,0,0,0,0,0,0,0,0,0,0,0,0,0,0,0,0.314821155592465,0.387383286772637,0.327512712193618,0.249526601779989,0.981296699382811
"153",0,0,0,0,0,0,0,0,0,0,0,0,0,0,0,0,0,0.270151251578402,0.311474177175818,0.30899770731875,0.311585825697802,0.262403920267806,0.386586511582286,0,0,0,0,0,0
"154",0,0,0,0,0,0,0,0,0,0,0,0,0,0,0,0,0,0,0,0.516387285526047,0.52696836963159,0.533406848958695,0.525532601028485,0.535425386279705,0.5660320277526,0,0,0,0
"155",0,0,0,0,0,0,0,0,0,0,0,0,0,0,0,0,0,0,0,0,0.469612883578327,0.656414810615567,0.642149306970241,0.637220338064283,0.64248043183678,0,0,0,0
"156",0,0,0,0,0,0,0,0,0,0,0,0,0,0,0,0,0,0,0,0,0,0.469039865216682,0.437307399626612,0.434593499246168,0.40164706781211,0.827580645571627,0,0,0
"157",0,0,0,0,0,0,0,0,0,0,0,0,0,0,0,0,0,0,0,0,0,0.421119426545671,0.467792417934047,0.435437581409875,0.365427352216185,0.182681507407462,0,0,0
"158",0,0,0,0,0,0,0,0,0,0,0,0,0,0,0,0,0,0,0,0,0,0,0,0.366210388348402,0.439975138461616,0.379263772957737,0,0,0
"159",0,0,0,0,0,0,0,0,0,0,0,0,0,0,0,0,0,0,0,0,0,0,0,0,0.415895860077513,0.432419912640955,0.384623458690188,0.279298289597942,0
"160",0,0,0,0,0,0,0,0,0,0,0,0,0,0,0,0,0,0,0,0,0,0,0,0,0,0,0,0.422252717385117,0.964424097411926
"161",0,0,0,0,0,0,0,0,0,0,0,0,0,0,0,0,0,0,0,0,0,0.493000084552187,0.476806711847639,0.446171355895856,0.415750659714907,0.295999018037119,0,0,0
"162",0,0,0,0,0,0,0,0,0,0,0,0,0,0,0,0,0,0,0,0,0,0,0.70944187414673,0.506883798028168,0.456446924438332,0.468849960769377,0.326303618548036,0,0
"163",0,0,0,0,0,0,0,0,0,0,0,0,0,0,0,0,0,0,0,0,0,0,0,0,0.0355759025880742,0.225657040904127,0.309216916170318,0.434241903270155,0.675279977070447
"164",0,0,0,0,0,0,0,0,0,0,0,0,0,0,0,0,0,0,0.449441864415218,0.184748947129259,0.306954795585842,0.261747251010466,0.277728002544038,0.302202026231122,0.351407450605603,0,0,0,0
"165",0,0,0,0,0.435591945876424,0.435591945876424,0.435591945876424,0.435591945876424,0.435591945876424,0.435591945876424,0.435591945876424,0.435591945876424,0.435591945876424,0.435591945876424,0.435591945876424,0,0,0,0,0,0,0,0,0,0,0,0,0,0
"166",0,0,0,0,0,0.417792791885982,0.410463728478152,0.387429529196403,0.370532969221703,0.375413853813499,0.373710774993764,0.372659222838788,0.364395329914653,0.366489348031176,0.382194483905096,0.328797021933768,0,0,0,0,0,0,0,0,0,0,0,0,0
"167",0,0,0,0,0,0,0,0,0,0,0,0,0,0,0,0.415760655400669,0.415760655400669,0.410645147549675,0.409963079836209,0.405219608919833,0.40652557928029,0.404765253468073,0.398367928707289,0.387866659760342,0.370208275965626,0.415760655400669,0,0,0
