"","29","28","27","26","25","24","23","22","21","20","19","18","17","16","15","14","13","12","11","10","9","8","7","6","5","4","3","2","1"
"ignore",NA,NA,NA,NA,NA,NA,NA,NA,NA,NA,NA,NA,NA,NA,NA,NA,NA,NA,NA,NA,NA,NA,NA,NA,NA,NA,NA,NA,NA
"85",0,0,0,0,0.0124782819285688,0.0124782819285688,0.0124782819285688,0.0124782819285688,0.0124782819285688,0.0124782819285688,0.0124782819285688,0.0124782819285688,0.0124782819285688,0,0,0,0,0,0,0,0,0,0,0,0,0,0,0,0
"86",0,0,0,0,0,0.0303543087912527,0.0303543087912527,0.0303543087912527,0.0303543087912527,0.0303543087912527,0.0303543087912527,0.0303543087912527,0.0303543087912527,0.0303543087912527,0,0,0,0,0,0,0,0,0,0,0,0,0,0,0
"87",0,0,0,0,0,0.034347214230363,0.0390668960015641,0.0383887566389818,0.0395302461316268,0.0392535818292496,0.0394480433234972,0.0414218674104974,0.042507511790249,0.0406097681716708,0,0,0,0,0,0,0,0,0,0,0,0,0,0,0
"88",0,0,0,0,0,0,0,0.00668323778115105,0.0244590574308567,0.0218295382388195,0.0218805022214307,0.0223226831028995,0.0224905287378947,0.0283473091785665,0.033624222996598,0.0454507226809312,0,0,0,0,0,0,0,0,0,0,0,0,0
"89",0,0,0,0,0,0,0,0,0,0,0,0,0.0228851760648905,0.0137827552714914,0.0206360772190968,0.0204280835457386,0.0260959147791247,0.0290228817077194,0.0382478526785381,0.0530194233629064,0,0,0,0,0,0,0,0,0
"90",0,0,0,0,0,0,0,0,0,0,0,0,0,0.000441541071157821,0.0629385518295213,0.0754637974228983,0.087065127124302,0.10079073261051,0.0945551918468105,0.045678121958647,0,0,0,0,0,0,0,0,0
"91",0,0,0,0,0,0,0,0,0,0,0,0,0,0,0.3051494677491,0.204596776502109,0.201690854778797,0.193178858831073,0.190568426698042,0.145889261108041,0.197829577193031,0,0,0,0,0,0,0,0
"92",0,0,0,0,0,0,0,0,0,0,0,0,0,0,0,0.123072791171515,0.120999771078403,0.168916280767229,0.169143841899253,0.169621448643806,0.151878693655383,0,0,0,0,0,0,0,0
"93",0,0,0,0,0,0,0,0,0,0,0,0,0,0,0,0,0,0,0,0.0323948809938199,0.122302774441664,0.189685143056069,0.16852092763538,0.180367434234101,0,0,0,0,0
"94",0,0,0,0,0,0,0,0,0,0,0,0,0,0,0,0,0,0,0,0,0.123067662889037,0.209719922404182,0.196730171532394,0.179214226026744,0.23711464322169,0,0,0,0
"95",0,0,0,0,0,0,0,0,0,0,0,0,0,0,0,0,0,0,0,0,0.0108039761984768,0.215219720167028,0.191958738545802,0.187145355129032,0.145813903595454,0,0,0,0
"96",0,0,0,0,0,0,0,0,0,0,0,0,0,0,0,0,0,0,0,0,0,0,0,0.175108992531937,0.242982389319933,0.174860031713717,0,0,0
"97",0,0,0,0,0,0,0,0,0,0,0,0,0,0,0,0,0,0,0,0,0,0,0,0.767124573794698,0.371598551484619,0.243200284537742,0.045741934615995,0,0
"98",0,0,0,0,0,0,0,0,0,0,0,0,0,0,0,0,0,0,0,0,0,0,0,0,0.555206610596403,0.360760226134344,0.32065786338459,0,0
"99",0,0,0,0,0,0,0,0,0,0,0,0,0,0,0,0,0,0,0,0,0,0,0,0,0,0.314870453890267,0.36413626554906,0.328115040393164,0
"100",0,0,0,0,0,0,0,0,0,0,0,0,0,0,0,0,0,0,0,0,0,0,0,0,0,0,0,0.333064553120082,0.999558458928842
"101",0,0,0,0,0,0,0,0,0,0,0,0,0,0,0,0,0,0,0,0,0,0,0,0,0.335831160848014,0.268145072621137,0.305565921898702,0,0
"102",0,0,0,0,0,0,0,0,0,0,0,0,0,0,0,0,0,0,0,0,0,0,0,0,0,0.249901126757146,0.217875038263216,0.387235894538752,0
"103",0,0,0,0,0,0,0,0,0,0,0,0,0,0,0,0,0,0,0,0,0,0,0,0,0,0.234405149405663,0.202170843459812,0.237070232264088,0
"104",0,0,0,0,0,0,0,0,0,0,0,0,0,0,0,0,0,0,0,0,0,0,0,0,0,0.232766611688699,0.152349163594449,0.201816274252473,0.289685358660657
"105",0,0,0,0,0,0,0,0,0,0,0,0,0,0,0,0,0,0,0,0,0,0.051715565302777,0.158321376884591,0.193806139257292,0.212651603931646,0.141901090130881,0,0,0
"106",0,0,0,0,0,0,0,0,0,0,0,0,0,0,0,0,0,0,0,0,0,0,0,0.105069994429736,0.170036744531352,0.205360964683739,0.183540056251459,0.0836465358404687,0
"107",0,0,0,0,0,0,0,0,0,0,0,0,0,0,0,0,0,0,0,0,0,0,0,0.0501013634245004,0.160116894822254,0.180148845637513,0.193117536960364,0.252680560437584,0
"108",0,0,0,0,0,0,0,0,0,0,0,0,0,0,0,0,0,0,0,0.128272904705472,0.1247203673957,0.174218747725449,0.212367404028398,0.242595345434809,0.392578385225031,0,0,0,0
"109",0,0,0,0,0,0,0,0,0,0,0,0,0,0,0,0,0,0,0,0,0.0510000343563698,0.344927416948212,0.265771703225377,0.200862145394044,0.231115285812835,0,0,0,0
"110",0,0,0,0,0,0,0,0,0,0,0,0,0,0,0,0,0,0,0,0,0,0,0.401425713385004,0.258392475376514,0.191493893856054,0.138870222412678,0.13361523600556,0,0
"111",0,0,0,0,0,0,0,0,0,0,0,0,0,0,0,0,0,0,0,0,0,0,0,0,0.0309210543436324,0.168978188018373,0.11628259920799,0.114758105150348,0
"112",0,0,0,0,0,0,0,0,0,0,0,0,0,0,0,0,0,0,0,0,0,0,0,0,0,0.0451842229778412,0.0937594451357206,0.0942901229910224,0
"113",0,0,0,0,0,0,0,0,0,0,0,0,0,0,0,0,0,0,0,0,0,0,0,0,0,0,0,0.116253892994906,0.946980576637093
"114",0,0,0,0,0,0,0,0,0,0,0,0,0,0,0,0,0,0,0,0,0,0.170754400309268,0.224146829393573,0.23816404914299,0.240389909242284,0.0344406315094837,0,0,0
"115",0,0,0,0,0,0,0,0,0,0,0,0,0,0,0,0,0,0,0,0,0,0.30563081803484,0.153947450895909,0.267529042145253,0.16741362447861,0.154558913527925,0.0797457540776273,0,0
"116",0,0,0,0,0,0,0,0,0,0,0,0,0,0,0,0,0.00918636212524595,0.13758248151933,0.169300408909956,0.172920678544692,0.195263633352466,0.152833427247591,0.142973232049048,0.10826065137893,0,0,0,0,0
"117",0,0,0,0,0,0,0,0,0,0,0,0,0,0,0,0,0,0,0,0.157252099725339,0.197100519279514,0.223380659836172,0.211965558239077,0.196241892443102,0.197915155371146,0.161942573400758,0,0,0
"118",0,0,0,0,0,0,0,0,0,0,0,0,0,0,0,0,0,0,0,0,0,0,0,0,0.129133012413761,0.141131023374397,0.128056123455985,0.183499409251566,0
"119",0,0,0,0,0,0,0,0,0,0,0,0,0,0,0.000680519181198655,0.0304390052474564,0.0356317205928333,0.0292107855114599,0.0336729034292572,0.0330250756865191,0.0384578833197371,0.0385500897686217,0.0472903035847807,0,0,0,0,0,0
"120",0,0,0,0,0,0,0,0,0,0,0,0,0,0,0,0,0,0,0,0,0,0,0,0,0.108632149777913,0.135312023060208,0.127285430519977,0,0
"121",0,0,0,0,0,0,0,0,0,0,0,0,0,0,0,0,0,0,0,0,0,0,0,0,0,0.377572396807522,0.356647422547543,0.483169233385181,0
"122",0,0,0,0,0,0,0,0,0,0,0,0,0,0,0,0,0,0,0,0,0,0,0,0,0,0.578056454240085,0.409560164221812,0.563826505781455,0
"123",0,0,0,0,0,0,0,0,0,0,0,0,0,0,0,0,0,0,0,0,0,0,0,0,0,1.16388161497307e-05,0.580278948769491,0.534711553273714,0
"124",0,0,0,0,0,0,0,0,0,0,0,0,0,0,0,0,0,0,0,0,0,0,0,0,0,0,0.815716101994847,0.518696417787125,0.0418379248348565
"125",0,0,0,0,0,0,0,0,0,0,0,0,0,0,0,0,0,0,0,0,0,0,0,0,0,0,0,0.50239444631186,0.999999326561672
"126",0,0,0,0,0,0,0,0,0,0,0,0,0,0,0,0,0,0,0,0,0,0,0,0,0,0,0,0.466014975850234,0.999999700573929
"127",0,0,0,0,0,0,0,0,0,0,0,0,0,0,0,0,0,0,0,0,0,0,0,0,0,0,0,0.458574636441528,0.752799456702863
"128",0,0,0,0,0,0,0,0,0,0,0,0,0,0,0,0,0,0,0,0,0,0,0,0,0,0,0,0,0.692135413763005
"129",0,0,0,0,0,0,0,0,0,0,0,0,0,0,0,0,0,0,0,0,0,0,0,0,0,0,0,0.485634796346552,0.77400654997698
"130",0,0,0,0,0,0,0,0,0,0,0,0,0,0,0,0,0,0,0,0,0,0,0,0,0,0.710314641339343,0.556309145780541,0.59131060850339,0
"131",0,0,0,0,0,0,0,0,0,0,0,0,0,0,0,0,0,0,0,0,0,0,0,0,0,0.32249311581442,0.545210874443739,0.562345168145522,0
"132",0,0,0,0,0,0,0,0,0,0,0,0,0,0,0,0,0,0,0,0,0,0,0,0,0,0,0.338140073468333,0.214331651142212,0.999033100404063
"133",0,0,0,0,0,0,0,0,0,0,0,0,0,0,0,0,0,0,0,0,0,0,0,0,0,0,0.392010500874297,0.289336240566162,0.279733109439765
"134",0,0,0,0,0,0,0,0,0,0,0,0,0,0,0.00931913101877136,0.0102383705061278,0.0426860979217505,0.0556425684345531,0.0682525137334875,0.0648004080430383,0.0523961345302407,0.0189131867683424,0.00931913101877136,0,0,0,0,0,0
"135",0,0,0,0,0,0,0,0,0,0,0,0,0,0,0,0,0.0098856493705587,0.0254498342858491,0.026020357976463,0.0319301229171063,0.0351002324606605,0.0286008783375543,0.0274423128717711,0.00999895304091616,0,0,0,0,0
"136",0,0,0,0,0,0,0,0,0,0,0,0,0,0,0,0,0,0,0,0,0.00514818836086864,0.0180343684016844,0.0128418380510634,0.031694426025159,0.0377213417124349,0.0417498557945208,0.045374138672749,0,0
"137",0,0,0,0,0,0,0,0,0,0,0,0,0,0,0,0,0,0.00514818836086864,0.0724321806295228,0.0436549733547619,0.0414261664830928,0.0316832025201223,0.0296838107205344,0.0344213947204871,0.0310241458427835,0.0100459783105734,0,0,0
"138",0,0,0,0,0,0,0,0,0,0,0,0,0,0,0,0,0,0,0,0,0.144642973081054,0.0464725737400118,0.056098691029203,0.0425842759173937,0.063348731661602,0.0360771488116073,0.0258727876760383,0,0
"139",0,0,0,0,0,0,0,0,0,0,0,0,0,0,0,0,0,0,0,0,0,0,0,0,0.00490813634648322,0.0481568881702376,0.057973646052105,0.0701709792740729,0.998445403755936
"140",0,0,0,0,0,0,0,0,0,0,0,0,0,0.0322596962499271,0.0322596962499271,0.0526241789988475,0.0483612594732589,0.0598114139660967,0.0578194737703249,0.0696537397768428,0.0932774201542752,0,0,0,0,0,0,0,0
"141",0,0,0,0,0,0,0,0,0,0,0,0,0,0,0,0,0,0.0266424527449207,0.0374724808292681,0.0435203836295381,0.0392086967346269,0.0473043016464174,0.067639575998436,0,0,0,0,0,0
"142",0,0,0,0,0,0,0,0,0,0,0,0,0,0,0,0,0,0,0.0344943519289847,0.0485695018559166,0.0418436432680453,0.0380805514805767,0.0390871122457658,0.0401281349588586,0,0,0,0,0
"143",0,0,0,0,0,0,0,0,0,0,0,0,0,0,0,0,0,0,0,0,0,0.000149460199658336,0.00763715331306957,0.0105260812007237,0.0070591216148076,0.0024976102872844,0,0,0
"144",0,0,0,0,0,0,0,0,0,0,0,0,0,0,0,0,0,0,0,0,0,0,0.0223223012562879,0.00679917109627389,0.00702466712658703,0.00505455235227454,1.19135858877953e-05,0,0
"145",0,0,0,0,0,0,0,0,0,0,0,0,0,0,0,0,0,0,0,0,0,0,0,0.00656068340860843,0.00543433388027137,0.00336387414599766,0.00431908527556661,0,0
"146",0,0,0,0,0,0,0,0,0,0,0,0,0,0,0,0,0,0,0,0,0,0,0,1.40941825217288e-05,0.00572308310001587,0.01673820177172,0.00853034685153749,0.0130354983320881,0
"147",0,0,0,0,0,0,0,0,0,0,0,0,0,0,0,0,0,0,0,0,0,0,0,0,1.16388161497307e-05,0.0125086926267993,0.00674354430682534,0.00505298923802126,0
"148",0,0,0,0,0,0,0,0,0,0,0,0,0,0,0,0,0,0,0,0,0,0,0,0,1.40941825217288e-05,0.00124201708140175,0.00792764963958973,0.00546213424685284,4.09561125292444e-06
"149",0,0,0,0,0,0,0,0,0,0,0,0,0,0,0,0,0,0,0,0,0,0,0,0,0,0,0.00810999974917273,0.0091570054389767,0.999999326561672
"150",0,0,0,0,0,0,0,0,0,0,0,0,0,0,0,0,0,0,0,0,0,0,0,0,0,0,0,0.019015734827065,0.77400654997698
"151",0,0,0,0,0,0,0,0,0,0,0,0,0,0,0,0,0,0,0,0,0.00279770371541809,0.0664103980645291,0.0652322739005018,0.0711639551074148,0.0920268198295354,0.0898240447449593,0,0,0
"152",0,0,0,0,0,0,0,0,0,0,0,0,0,0,0,0,0,0,0,0,0,0,0,0,0.101574821010518,0.124821745849708,0.103031905033532,0.0751620234252286,0.999319480818801
"153",0,0,0,0,0,0,0,0,0,0,0,0,0,0,0,0,0,0.137567387429182,0.169575527178479,0.160950420582222,0.160216003134054,0.125022784895768,0.22599345002302,0,0,0,0,0,0
"154",0,0,0,0,0,0,0,0,0,0,0,0,0,0,0,0,0,0,0,0.247200543297137,0.169197551398996,0.187561245552444,0.199249337967688,0.183877285874849,0.148536441663396,0,0,0,0
"155",0,0,0,0,0,0,0,0,0,0,0,0,0,0,0,0,0,0,0,0,0.307864586236995,0.302938444201958,0.311782124773417,0.319162320964298,0.336797170118147,0,0,0,0
"156",0,0,0,0,0,0,0,0,0,0,0,0,0,0,0,0,0,0,0,0,0,0.310860471518829,0.168701887171633,0.140920927555939,0.129029045115053,0.000966899595937115,0,0,0
"157",0,0,0,0,0,0,0,0,0,0,0,0,0,0,0,0,0,0,0,0,0,0.377516285022356,0.205026965798114,0.20054395167729,0.18769875654906,0.0721082601496643,0,0,0
"158",0,0,0,0,0,0,0,0,0,0,0,0,0,0,0,0,0,0,0,0,0,0,0,0.218619125655021,0.21575785078409,0.167342948759549,0,0,0
"159",0,0,0,0,0,0,0,0,0,0,0,0,0,0,0,0,0,0,0,0,0,0,0,0,0.169540987895141,0.21459092254743,0.202509743792717,0.101177576994896,0
"160",0,0,0,0,0,0,0,0,0,0,0,0,0,0,0,0,0,0,0,0,0,0,0,0,0,0,0,0.192515671683646,0.989547832277654
"161",0,0,0,0,0,0,0,0,0,0,0,0,0,0,0,0,0,0,0,0,0,0.277532564767066,0.218876344927877,0.185209838414227,0.202972391198795,0.158284635488726,0,0,0
"162",0,0,0,0,0,0,0,0,0,0,0,0,0,0,0,0,0,0,0,0,0,0,0.259535687835935,0.157459796533764,0.200501317689069,0.184233137564963,0.138206906698315,0,0
"163",0,0,0,0,0,0,0,0,0,0,0,0,0,0,0,0,0,0,0,0,0,0,0,0,0.010452167722346,0.00817570337200789,0.0994060726583949,0.186365191912072,0.994851811639131
"164",0,0,0,0,0,0,0,0,0,0,0,0,0,0,0,0,0,0,0.190000687168144,0.0769330326136961,0.122869635272249,0.107048691217842,0.113801289467672,0.122478370291959,0.148123778073904,0,0,0,0
"165",0,0,0,0,0.127320505341626,0.127320505341626,0.127320505341626,0.127320505341626,0.127320505341626,0.127320505341626,0.127320505341626,0.127320505341626,0.127320505341626,0.127320505341626,0.127320505341626,0,0,0,0,0,0,0,0,0,0,0,0,0,0
"166",0,0,0,0,0,0.13605542792956,0.139652160759885,0.150956178226623,0.15924815342166,0.156852862662736,0.157688647423041,0.158204695920392,0.162260195693361,0.16123255774184,0.153525273105428,0.179730040869229,0,0,0,0,0,0,0,0,0,0,0,0,0
"167",0,0,0,0,0,0,0,0,0,0,0,0,0,0,0,0.0735690964461478,0.0735690964461478,0.0798138578827997,0.0806464927410199,0.0864370897095516,0.0848428250574485,0.0869917445915949,0.0948012853307641,0.107620720129023,0.129177210191572,0.0735690964461478,0,0,0
