"","29","28","27","26","25","24","23","22","21","20","19","18","17","16","15","14","13","12","11","10","9","8","7","6","5","4","3","2","1"
"85",0,0,0,0,0.00311187073346217,0.00311187073346217,0.00311187073346217,0.00311187073346217,0.00311187073346217,0.00311187073346217,0.00311187073346217,0.00311187073346217,0.00311187073346217,0,0,0,0,0,0,0,0,0,0,0,0,0,0,0,0
"86",0,0,0,0,0,0.0277187739772706,0.0277187739772706,0.0277187739772706,0.0277187739772706,0.0277187739772706,0.0277187739772706,0.0277187739772706,0.0277187739772706,0.0277187739772706,0,0,0,0,0,0,0,0,0,0,0,0,0,0,0
"87",0,0,0,0,0,0.0240776237734207,0.0373408146579188,0.0357716131561628,0.0382127006908756,0.0372709583119619,0.0371337812674637,0.0419119468014597,0.044104751980247,0.0394472803042409,0,0,0,0,0,0,0,0,0,0,0,0,0,0,0
"88",0,0,0,0,0,0,0,0.035721244496924,0.0426055760125433,0.0457146197328813,0.0410591214018401,0.0447472016020644,0.0444129051716638,0.0475488067557976,0.0452211478560838,0.0441231250246524,0,0,0,0,0,0,0,0,0,0,0,0,0
"89",0,0,0,0,0,0,0,0,0,0,0,0,0.0895528275472242,0.113521352195843,0.0938329335140155,0.0931956343526535,0.0769548147142783,0.0702130440437316,0.0472603501381572,0.00695718102510798,0,0,0,0,0,0,0,0,0
"90",0,0,0,0,0,0,0,0,0,0,0,0,0,0.00952189392988478,0.00480344782854748,0.0029956956472524,0.00333355926567017,0.00214621463178801,0.00164111365037608,0.00404379763576191,0,0,0,0,0,0,0,0,0
"91",0,0,0,0,0,0,0,0,0,0,0,0,0,0,0.0019162557806042,0.00264803474885267,0.00289701994267506,0.00434812006967725,0.00597278930515204,0.0029374148103773,0.00206047559550531,0,0,0,0,0,0,0,0
"92",0,0,0,0,0,0,0,0,0,0,0,0,0,0,0,0.00445135436288612,0.0052296782484173,0.00386570666796376,0.00304869444009884,0.0021546749370523,0.00112829742141957,0,0,0,0,0,0,0,0
"93",0,0,0,0,0,0,0,0,0,0,0,0,0,0,0,0,0,0,0,0.000253221213319788,0.0127241792183595,0.0129517694938831,0.0133046634722563,0.0127755942432573,0,0,0,0,0
"94",0,0,0,0,0,0,0,0,0,0,0,0,0,0,0,0,0,0,0,0,0.00123339493136835,0.0123427559853575,0.0129001884648307,0.0125430618317867,0.0141154028569263,0,0,0,0
"95",0,0,0,0,0,0,0,0,0,0,0,0,0,0,0,0,0,0,0,0,9.05658572732218e-05,0.0102819117457679,0.010043385925632,0.0092441699959502,0.00371763865538376,0,0,0,0
"96",0,0,0,0,0,0,0,0,0,0,0,0,0,0,0,0,0,0,0,0,0,0,0,0.00612668408817476,0.00624988139795199,0.0083026387540903,0,0,0
"97",0,0,0,0,0,0,0,0,0,0,0,0,0,0,0,0,0,0,0,0,0,0,0,2.01906414722115e-07,0.00406465764439906,0.0034511941351522,0.00197039659944289,0,0
"98",0,0,0,0,0,0,0,0,0,0,0,0,0,0,0,0,0,0,0,0,0,0,0,0,0.000101625499922405,0.0019624704154903,0.00273959037163957,0,0
"99",0,0,0,0,0,0,0,0,0,0,0,0,0,0,0,0,0,0,0,0,0,0,0,0,0,0.00142924844377762,0.00202491339257933,0.00271599142080508,0
"100",0,0,0,0,0,0,0,0,0,0,0,0,0,0,0,0,0,0,0,0,0,0,0,0,0,0,0,0.00922471548294151,0.990478106070115
"101",0,0,0,0,0,0,0,0,0,0,0,0,0,0,0,0,0,0,0,0,0,0,0,0,0.0294542121496832,0.0070351954985363,0.006055062258546,0,0
"102",0,0,0,0,0,0,0,0,0,0,0,0,0,0,0,0,0,0,0,0,0,0,0,0,0,0.0156788509240765,0.0131045688010378,0.000562050649305677,0
"103",0,0,0,0,0,0,0,0,0,0,0,0,0,0,0,0,0,0,0,0,0,0,0,0,0,0.0143057427063189,0.0135739999530361,0.0203784142253122,0
"104",0,0,0,0,0,0,0,0,0,0,0,0,0,0,0,0,0,0,0,0,0,0,0,0,0,0.0273715714897894,0.0101639159622304,0.00551037598957927,0.999999858176372
"105",0,0,0,0,0,0,0,0,0,0,0,0,0,0,0,0,0,0,0,0,0,0.0292639656452203,0.0118362246257981,0.00854012266194681,0.0121582756631895,0.0191701766408693,0,0,0
"106",0,0,0,0,0,0,0,0,0,0,0,0,0,0,0,0,0,0,0,0,0,0,0,0.0602826252090285,0.0300668421379015,0.00752358532394523,0.00790575281841423,0.000404784402051787,0
"107",0,0,0,0,0,0,0,0,0,0,0,0,0,0,0,0,0,0,0,0,0,0,0,0.0343864462774907,0.0172470983673345,0.0247304318073595,0.0233182480721935,0.0223959280777686,0
"108",0,0,0,0,0,0,0,0,0,0,0,0,0,0,0,0,0,0,0,0.0067449893626064,0.00933441750148019,0.0143622196291693,0.0111223102969534,0.00769491597685877,0.00957099181640299,0,0,0,0
"109",0,0,0,0,0,0,0,0,0,0,0,0,0,0,0,0,0,0,0,0,0.0724118609129128,0.00123854690049164,0.00338731040100767,0.00305223049909387,0.00378796443407261,0,0,0,0
"110",0,0,0,0,0,0,0,0,0,0,0,0,0,0,0,0,0,0,0,0,0,0,0.00476122675342933,0.0056156470047937,0.00919795477395146,0.0152234643550555,0.0170741647365772,0,0
"111",0,0,0,0,0,0,0,0,0,0,0,0,0,0,0,0,0,0,0,0,0,0,0,0,1.9420475663337e-05,0.0479009657186082,0.0630281679641724,0.0542765299893403,0
"112",0,0,0,0,0,0,0,0,0,0,0,0,0,0,0,0,0,0,0,0,0,0,0,0,0,0.00191458424014339,0.00962698469888655,0.0196381668349298,0
"113",0,0,0,0,0,0,0,0,0,0,0,0,0,0,0,0,0,0,0,0,0,0,0,0,0,0,0,0.0459561640998585,0.993042818974892
"114",0,0,0,0,0,0,0,0,0,0,0,0,0,0,0,0,0,0,0,0,0,0.00046373225108772,0.0135643803256793,0.00732796229288457,0.0138870031761772,0.0165392788761948,0,0,0
"115",0,0,0,0,0,0,0,0,0,0,0,0,0,0,0,0,0,0,0,0,0,7.66694430156474e-05,0.00993837848892858,0.00372047061060366,0.00829623453823256,0.0243664238744063,0.0278826462097649,0,0
"116",0,0,0,0,0,0,0,0,0,0,0,0,0,0,0,0,0.354460236763357,0.161611297117634,0.130421435768466,0.0977251901053681,0.0597767144988602,0.0789583276617689,0.0719759447949614,0.00180589619286054,0,0,0,0,0
"117",0,0,0,0,0,0,0,0,0,0,0,0,0,0,0,0,0,0,0,0.0019998839997272,0.0019761402035205,0.00175785863702324,0.00248887659700502,0.00306234516140599,0.00468973546594024,0.00572948724736896,0,0,0
"118",0,0,0,0,0,0,0,0,0,0,0,0,0,0,0,0,0,0,0,0,0,0,0,0,0.00171637468352549,0.00195019082200169,0.0024518815470354,0.00131362357277636,0
"119",0,0,0,0,0,0,0,0,0,0,0,0,0,0,0.0718452903520573,0.051548454576301,0.0424900957568002,0.0438955576213156,0.0424151251213642,0.0446540252199903,0.0353888750049193,0.0331658785889173,0.0292701284182298,0,0,0,0,0,0
"120",0,0,0,0,0,0,0,0,0,0,0,0,0,0,0,0,0,0,0,0,0,0,0,0,0.0283033503786773,0.0258884878943671,0.0203427783439588,0,0
"121",0,0,0,0,0,0,0,0,0,0,0,0,0,0,0,0,0,0,0,0,0,0,0,0,0,0.00981887006954799,0.00513019453883175,0.00745835000323551,0
"122",0,0,0,0,0,0,0,0,0,0,0,0,0,0,0,0,0,0,0,0,0,0,0,0,0,0.00430780927947992,0.000708546345823596,0.000289199369628105,0
"123",0,0,0,0,0,0,0,0,0,0,0,0,0,0,0,0,0,0,0,0,0,0,0,0,0,1.24975789293566e-05,1.80403100167769e-05,2.18834397666754e-05,0
"124",0,0,0,0,0,0,0,0,0,0,0,0,0,0,0,0,0,0,0,0,0,0,0,0,0,0,1.07281839424017e-06,1.2068241064632e-05,0.999998276449601
"125",0,0,0,0,0,0,0,0,0,0,0,0,0,0,0,0,0,0,0,0,0,0,0,0,0,0,0,0.000184630921923398,0.999999311023684
"126",0,0,0,0,0,0,0,0,0,0,0,0,0,0,0,0,0,0,0,0,0,0,0,0,0,0,0,0.000104524245684142,0.999999698477117
"127",0,0,0,0,0,0,0,0,0,0,0,0,0,0,0,0,0,0,0,0,0,0,0,0,0,0,0,0.00309481577506196,0.999533610360498
"128",0,0,0,0,0,0,0,0,0,0,0,0,0,0,0,0,0,0,0,0,0,0,0,0,0,0,0,0,0.9999947607869
"129",0,0,0,0,0,0,0,0,0,0,0,0,0,0,0,0,0,0,0,0,0,0,0,0,0,0,0,0.00273351218767266,0.974043191927311
"130",0,0,0,0,0,0,0,0,0,0,0,0,0,0,0,0,0,0,0,0,0,0,0,0,0,1.41823628089822e-07,0.0003512563393858,0.000253149717893675,0
"131",0,0,0,0,0,0,0,0,0,0,0,0,0,0,0,0,0,0,0,0,0,0,0,0,0,0.00022339605380856,0.000108766534496155,5.05180273480756e-05,0
"132",0,0,0,0,0,0,0,0,0,0,0,0,0,0,0,0,0,0,0,0,0,0,0,0,0,0,0.00501183685824124,0.00370511145982841,0.999998515608055
"133",0,0,0,0,0,0,0,0,0,0,0,0,0,0,0,0,0,0,0,0,0,0,0,0,0,0,0.0365276762334964,0.0954290890006034,0.999811396938623
"134",0,0,0,0,0,0,0,0,0,0,0,0,0,0,0.0643006409443212,0.0288895152118442,0.0263161197713878,0.0264113638705266,0.0236927947668406,0.0252466156933106,0.0299975008128303,0.0450927566134077,0.0643006409443212,0,0,0,0,0,0
"135",0,0,0,0,0,0,0,0,0,0,0,0,0,0,0,0,0.0799193290477962,0.0675266507505783,0.0579319636920934,0.0519015537075754,0.0464040923952268,0.0493140677204737,0.0608347075806008,0.0830430666684912,0,0,0,0,0
"136",0,0,0,0,0,0,0,0,0,0,0,0,0,0,0,0,0,0,0,0,0.0729716721333308,0.0408406886177545,0.0249372309128767,0.0297771349415982,0.0196046051659738,0.0140454213605651,0.00534513692728837,0,0
"137",0,0,0,0,0,0,0,0,0,0,0,0,0,0,0,0,0,0.0729716721333308,0.0173674093925034,0.0242505423074339,0.0240319656084907,0.0310810713695537,0.0331726123315047,0.02583600235392,0.0406032063952243,0.0593008352376926,0,0,0
"138",0,0,0,0,0,0,0,0,0,0,0,0,0,0,0,0,0,0,0,0,5.70112613240493e-05,0.0401156952547041,0.036165592048345,0.0394659587356918,0.0322953237337167,0.0468830656031118,0.0671867046236882,0,0
"139",0,0,0,0,0,0,0,0,0,0,0,0,0,0,0,0,0,0,0,0,0,0,0,0,0.0211186038498325,0.034955386457954,0.0763172174532398,0.0580464731959979,0.99495467824023
"140",0,0,0,0,0,0,0,0,0,0,0,0,0,0.018954404929814,0.018954404929814,0.0134444758968255,0.0151693026180579,0.0114178983937871,0.0138438032905575,0.00938775316619934,0.0001431746282593,0,0,0,0,0,0,0,0
"141",0,0,0,0,0,0,0,0,0,0,0,0,0,0,0,0,0,0.0513193321611135,0.0363240532018999,0.0355473318889779,0.0364838665676848,0.0301019482321609,0.0121515363193643,0,0,0,0,0,0
"142",0,0,0,0,0,0,0,0,0,0,0,0,0,0,0,0,0,0,0.0564911217599067,0.0280813403615288,0.0428343576174068,0.0469732728818018,0.037517607253245,0.0106299615199402,0,0,0,0,0
"143",0,0,0,0,0,0,0,0,0,0,0,0,0,0,0,0,0,0,0,0,0,0.00021278052277557,0.00137852797682059,0.00202224066424749,0.00135198386148604,0.000128208724750808,0,0,0
"144",0,0,0,0,0,0,0,0,0,0,0,0,0,0,0,0,0,0,0,0,0,0,0.00466867574961606,0.00109059688205559,0.000777355913946935,6.81760896006965e-05,1.51954605473977e-05,0,0
"145",0,0,0,0,0,0,0,0,0,0,0,0,0,0,0,0,0,0,0,0,0,0,0,9.11931698786176e-05,0.000283059834182504,3.76865713527605e-05,3.87783227441022e-05,0,0
"146",0,0,0,0,0,0,0,0,0,0,0,0,0,0,0,0,0,0,0,0,0,0,0,1.53942751443397e-05,2.87719494357742e-05,2.53090219973662e-05,2.16848704320411e-05,2.74276104878266e-05,0
"147",0,0,0,0,0,0,0,0,0,0,0,0,0,0,0,0,0,0,0,0,0,0,0,0,1.24975789293566e-05,0.000132843389582068,0.00032672301712363,0.000117789070655341,0
"148",0,0,0,0,0,0,0,0,0,0,0,0,0,0,0,0,0,0,0,0,0,0,0,0,1.53942751443397e-05,1.94790288012648e-05,0.000428678902861901,0.000133092971969101,4.38915198227097e-06
"149",0,0,0,0,0,0,0,0,0,0,0,0,0,0,0,0,0,0,0,0,0,0,0,0,0,0,1.97615259049922e-05,2.13985294818991e-05,0.999999311023684
"150",0,0,0,0,0,0,0,0,0,0,0,0,0,0,0,0,0,0,0,0,0,0,0,0,0,0,0,0.000223925700648325,0.974043191927311
"151",0,0,0,0,0,0,0,0,0,0,0,0,0,0,0,0,0,0,0,0,0.14147341246617,0.0888652064914008,0.0912932237612334,0.0880688312338059,0.0726176348405337,0.0599560512984781,0,0,0
"152",0,0,0,0,0,0,0,0,0,0,0,0,0,0,0,0,0,0,0,0,0,0,0,0,0.0649253248227419,0.0618769638975284,0.0624383963564341,0.0645909325156499,0.928154709647943
"153",0,0,0,0,0,0,0,0,0,0,0,0,0,0,0,0,0,0.0179145456970123,0.0207046070229362,0.0195362586115429,0.0185493817693125,0.0163885024489323,0.0259568080726888,0,0,0,0,0,0
"154",0,0,0,0,0,0,0,0,0,0,0,0,0,0,0,0,0,0,0,0.000466389639501821,0.000356682851490024,0.000347703899021035,0.000378334927967829,0.000353609710176761,0.000293549833516527,0,0,0,0
"155",0,0,0,0,0,0,0,0,0,0,0,0,0,0,0,0,0,0,0,0,5.23921309990816e-06,0.000657212203627539,0.000291434215964152,0.0002356021737873,1.15669914382357e-05,0,0,0,0
"156",0,0,0,0,0,0,0,0,0,0,0,0,0,0,0,0,0,0,0,0,0,0.000161367063768529,0.000286966329775124,9.59265483482329e-05,1.57910302616388e-05,1.48439194466453e-06,0,0,0
"157",0,0,0,0,0,0,0,0,0,0,0,0,0,0,0,0,0,0,0,0,0,1.24723387038585e-05,0.000510021398877314,0.000161438436900152,0.000183011101896162,0.000422270427042807,0,0,0
"158",0,0,0,0,0,0,0,0,0,0,0,0,0,0,0,0,0,0,0,0,0,0,0,0.0021835727161422,0.00315717692244177,0.0129732657134766,0,0,0
"159",0,0,0,0,0,0,0,0,0,0,0,0,0,0,0,0,0,0,0,0,0,0,0,0,0.0104524131338226,0.00393846281519406,0.0169727442656226,0.0482278907200463,0
"160",0,0,0,0,0,0,0,0,0,0,0,0,0,0,0,0,0,0,0,0,0,0,0,0,0,0,0,0.0104600491333258,0.904461982848729
"161",0,0,0,0,0,0,0,0,0,0,0,0,0,0,0,0,0,0,0,0,0,0.000235814426300864,0.00522793048830934,0.0176014438814835,0.0107228635735915,0.00486014715551632,0,0,0
"162",0,0,0,0,0,0,0,0,0,0,0,0,0,0,0,0,0,0,0,0,0,0,1.82866290450458e-05,0.0242862804908772,0.0197485180712233,0.0107655667172398,0.00460141217151539,0,0
"163",0,0,0,0,0,0,0,0,0,0,0,0,0,0,0,0,0,0,0,0,0,0,0,0,0.0955380171512712,0.0726092492890329,0.0504710702091717,0.025324947445182,0.927028327866669
"164",0,0,0,0,0,0,0,0,0,0,0,0,0,0,0,0,0,0,0.0572396744886486,0.0259230628513213,0.0418334223413615,0.0375330638660642,0.0400044277813434,0.0434050285986294,0.0456409294377867,0,0,0,0
"165",0,0,0,0,0.0204145355900568,0.0204145355900568,0.0204145355900568,0.0204145355900568,0.0204145355900568,0.0204145355900568,0.0204145355900568,0.0204145355900568,0.0204145355900568,0.0204145355900568,0.0204145355900568,0,0,0,0,0,0,0,0,0,0,0,0,0,0
"166",0,0,0,0,0,0.0236117645507738,0.0249282705934219,0.0290658610131734,0.0321009586878499,0.0312242144572428,0.0315301353413346,0.0317190237011633,0.0332034514329248,0.032827306849311,0.0300062224722078,0.0395979093543588,0,0,0,0,0,0,0,0,0,0,0,0,0
"167",0,0,0,0,0,0,0,0,0,0,0,0,0,0,0,0.0405301673054538,0.0405301673054538,0.0404753286024482,0.0404680167753808,0.0404171663416847,0.0404311664610897,0.0404122956104877,0.0403437157152348,0.0402311411701969,0.0400418417120231,0.0405301673054538,0,0,0
